extra-info test003r 770CEFC1CC8F5C42280CB8600A8B4B545F91F173
published 2014-08-18 19:26:41
write-history 2014-08-18 19:26:24 (900 s) 3072,0,0,0,24576
read-history 2014-08-18 19:26:24 (900 s) 1024,0,0,0,33792
dirreq-write-history 2014-08-18 19:26:24 (900 s) 0,0,0,0,0
dirreq-read-history 2014-08-18 19:26:24 (900 s) 0,0,0,0,0
geoip-db-digest F2E34A314F2101E3F5AE0774660C4BA670646B8D
geoip6-db-digest 45893A1BDDABACCEB346DE4644A155450FD28B0E
router-signature
-----BEGIN SIGNATURE-----
eDFbWP0pEIvCp15YYGSCFO4ksTVAicxJckMdvpgOsCbKEH98XJQ4j7EF8g7VjWv1
unfZfpSRMqC/owDhH/eAM7V+Apeaa959Pj+1pnPer8SV7gjvzWMBm7R5AuIfvWV5
ldH2s9pi7Ndiw3XlZBmo9i56VVQ6wQNLOzbA3l7fITY=
-----END SIGNATURE-----
extra-info test002r 78C676B6CF3375AC6BF3631310D69B81984C2E92
published 2014-08-18 19:47:37
write-history 2014-08-18 19:41:24 (900 s) 3072,0,0,0,46080,575488
read-history 2014-08-18 19:41:24 (900 s) 1024,0,0,0,55296,581632
dirreq-write-history 2014-08-18 19:41:24 (900 s) 0,0,0,0,0,0
dirreq-read-history 2014-08-18 19:41:24 (900 s) 0,0,0,0,0,0
geoip-db-digest F2E34A314F2101E3F5AE0774660C4BA670646B8D
geoip6-db-digest 45893A1BDDABACCEB346DE4644A155450FD28B0E
router-signature
-----BEGIN SIGNATURE-----
EIloTQDQJssYCqPvZBhDoWdLrzc7GYG98Pcb/MKxrhB8TG/oXfqmtTmITAOpEg8J
LpHKi7co/RmNBe6yKykXljSBaoLpdtpq10x/cuQ3sSTbl9CFiXj8bwuZeIusBvtv
YIR1nuVTl1wRkAfw3vDzMOSGmmTpLvNSD9LQUpdTt1A=
-----END SIGNATURE-----
extra-info test000a 69C62DA6F3AA8E94EFA02BC3392AEF83F8351C1D
published 2014-08-18 19:47:55
write-history 2014-08-18 19:41:24 (900 s) 12288,0,0,0,125952,598016
read-history 2014-08-18 19:41:24 (900 s) 17408,0,0,0,104448,584704
dirreq-write-history 2014-08-18 19:41:24 (900 s) 0,0,0,0,31744,31744
dirreq-read-history 2014-08-18 19:41:24 (900 s) 7168,0,0,0,11264,13312
geoip-db-digest F2E34A314F2101E3F5AE0774660C4BA670646B8D
geoip6-db-digest 45893A1BDDABACCEB346DE4644A155450FD28B0E
router-signature
-----BEGIN SIGNATURE-----
abYpnrROWbwWO/VtdnppvEY8kVLIhK6gn4pLGHKthRnTszI1jWmieCHStjYFFxRF
PaFW9XnbAVWN+zjUadFGL38Dtxxc3A562sZt3H7+Us8gX7skEXHYM1C4RlnbM8Xc
kk9ytceyiUsBnxrvy4n5nic9ziUpH0ULYpvsqKfi3BI=
-----END SIGNATURE-----
extra-info test001r 52C33DA3D07AD109C29802BE3E4F684FBA4AF1AE
published 2014-08-18 19:48:25
write-history 2014-08-18 19:41:24 (900 s) 3072,0,0,0,82944,573440
read-history 2014-08-18 19:41:24 (900 s) 1024,0,0,0,86016,579584
dirreq-write-history 2014-08-18 19:41:24 (900 s) 0,0,0,0,0,0
dirreq-read-history 2014-08-18 19:41:24 (900 s) 0,0,0,0,0,0
geoip-db-digest F2E34A314F2101E3F5AE0774660C4BA670646B8D
geoip6-db-digest 45893A1BDDABACCEB346DE4644A155450FD28B0E
router-signature
-----BEGIN SIGNATURE-----
iS32QEFqy3ZbrtB+reuuTFOQzC+rhW4sy516ZV5SZgixlRezj40ED+XfpegoyLHj
szxoh5xHFUaCATCVCyeaIXUWVQSspCJHrwceV1dEIaCRkfYElnxB51Mc3XA6m6Zy
3Po28dXncusVMpnKW5fPRcRovYe/vXgrveEmxZIY/so=
-----END SIGNATURE-----
extra-info test003r 770CEFC1CC8F5C42280CB8600A8B4B545F91F173
published 2014-08-19 13:27:26
write-history 2014-08-19 13:26:24 (900 s) 3072,0,0,0,24576,30720,6144,9216,9216,10240,5120,1024,4096,13312,19456,12288,4096,8192,4096,7168,5120,10240,2048,4096,13312,10240,15360,20480,3072,7168,3072,3072,3072,1024,9216,11264,18432,15360,17408,16384,7168,4096,1024,10240,3072,3072,9216,13312,15360,17408,12288,7168,8192,3072,5120,3072,4096,4096,1024,4096,4096,1024,4096,4096,1024,3072,1024,4096,4096,1024,4096,3072,1024,4096,4096,1024,3072
read-history 2014-08-19 13:26:24 (900 s) 1024,0,0,0,33792,34816,14336,13312,14336,15360,9216,5120,9216,20480,20480,13312,10240,12288,9216,12288,10240,15360,9216,7168,18432,13312,19456,22528,6144,12288,9216,8192,7168,6144,15360,16384,19456,16384,22528,20480,10240,8192,6144,17408,6144,8192,13312,18432,17408,20480,14336,10240,15360,9216,9216,8192,8192,9216,6144,9216,9216,7168,7168,8192,7168,8192,7168,6144,9216,6144,9216,10240,5120,9216,9216,5120,7168
dirreq-write-history 2014-08-19 13:26:24 (900 s) 0,0,0,0,0,0,0,0,0,0,0,0,0,0,0,0,0,0,0,0,0,0,0,0,0,0,0,0,0,0,0,0,0,0,0,0,0,0,0,0,0,0,0,0,0,0,0,0,0,0,0,0,0,0,0,0,0,0,0,0,0,0,0,0,0,0,0,0,0,0,0,0,0,0,0,0,0
dirreq-read-history 2014-08-19 13:26:24 (900 s) 0,0,0,0,0,0,0,0,0,0,0,0,0,0,0,0,0,0,0,0,0,0,0,0,0,0,0,0,0,0,0,0,0,0,0,0,0,0,0,0,0,0,0,0,0,0,0,0,0,0,0,0,0,0,0,0,0,0,0,0,0,0,0,0,0,0,0,0,0,0,0,0,0,0,0,0,0
geoip-db-digest F2E34A314F2101E3F5AE0774660C4BA670646B8D
geoip6-db-digest 45893A1BDDABACCEB346DE4644A155450FD28B0E
router-signature
-----BEGIN SIGNATURE-----
sGY3Q0UHEcsuLlVVg9+A2HvXwFtELFArxj3JVMwd9JIvnAshbIn/dbm6MpvcqGBE
qAMWKP+1CRvDLQQwB41H2LwGlue79zsA0egh22rdQ61jYsysZpvZN/pDsyyXDnka
ibKuQyzsS0fqk3DF+ilgPQHO2LbyfXG8FlvkkoGGrx8=
-----END SIGNATURE-----
extra-info test001r 52C33DA3D07AD109C29802BE3E4F684FBA4AF1AE
published 2014-08-19 19:41:58
write-history 2014-08-19 19:41:24 (900 s) 23552,12288,10240,27648,32768,37888,38912,40960,70656,38912,22528,14336,9216,20480,13312,27648,10240,8192,26624,24576,23552,25600,9216,18432,23552,8192,10240,4096,25600,16384,13312,6144,24576,37888,12288,10240,7168,28672,26624,11264,15360,10240,30720,28672,30720,11264,15360,9216,5120,5120,1024,10240,16384,1024,16384,10240,14336,4096,4096,7168,4096,14336,3072,10240,18432,9216,4096,8192,4096,16384,1024,12288,11264,3072,10240,1024,17408,16384,1024,16384,4096,7168,4096,8192,10240,10240,8192,9216,4096,7168,10240,10240,8192,16384,17408,10240
read-history 2014-08-19 19:41:24 (900 s) 29696,20480,13312,34816,38912,46080,43008,53248,77824,47104,25600,17408,13312,24576,15360,22528,12288,10240,27648,25600,21504,28672,11264,18432,18432,11264,9216,10240,23552,16384,23552,14336,27648,40960,12288,12288,9216,26624,19456,9216,16384,17408,31744,34816,32768,12288,16384,10240,10240,10240,7168,13312,14336,4096,15360,11264,11264,10240,9216,8192,9216,12288,8192,11264,16384,10240,8192,10240,8192,15360,5120,14336,10240,9216,11264,7168,15360,13312,5120,14336,10240,9216,7168,9216,11264,11264,8192,12288,9216,8192,11264,11264,10240,14336,14336,11264
dirreq-write-history 2014-08-19 19:41:24 (900 s) 0,0,0,0,1024,1024,1024,0,1024,0,1024,2048,1024,1024,1024,3072,1024,1024,1024,1024,2048,2048,1024,1024,3072,1024,1024,0,2048,1024,0,0,1024,1024,1024,1024,1024,2048,3072,2048,1024,0,2048,0,1024,1024,1024,1024,0,0,0,1024,2048,0,2048,1024,2048,0,0,1024,0,2048,0,1024,3072,1024,0,1024,0,2048,0,1024,1024,0,1024,0,2048,2048,0,2048,0,1024,0,1024,1024,1024,1024,1024,0,1024,1024,1024,1024,2048,2048,2048
dirreq-read-history 2014-08-19 19:41:24 (900 s) 0,0,0,0,0,0,0,0,0,0,0,0,0,0,0,0,0,0,0,0,0,0,0,0,0,0,0,0,0,0,0,0,0,0,0,0,0,0,0,0,0,0,0,0,0,0,0,0,0,0,0,0,0,0,0,0,0,0,0,0,0,0,0,0,0,0,0,0,0,0,0,0,0,0,0,0,0,0,0,0,0,0,0,0,0,0,0,0,0,0,0,0,0,0,0,0
geoip-db-digest F2E34A314F2101E3F5AE0774660C4BA670646B8D
geoip6-db-digest 45893A1BDDABACCEB346DE4644A155450FD28B0E
dirreq-stats-end 2014-08-19 19:19:56 (86400 s)
dirreq-v3-ips ??=8
dirreq-v3-reqs ??=96
dirreq-v3-resp ok=96,not-enough-sigs=0,unavailable=0,not-found=0,not-modified=304,busy=0
dirreq-v3-direct-dl complete=0,timeout=0,running=0
dirreq-v3-tunneled-dl complete=92,timeout=0,running=0,min=907000,d1=909000,d2=910000,q1=911000,d3=911000,d4=912000,md=913000,d6=913000,d7=914000,q3=914000,d8=914000,d9=915000,max=918000
router-signature
-----BEGIN SIGNATURE-----
t/StlpOQMCLYmhW8hrZHBD6xKqiWRVIYf6+xvq5UUanSx9BXdcrIDm8TDDpRDMDy
U6jwhbDFrlyp6sU4MbG/RzWIGJG7/irkqi9L+tpu29ykccbKZC+HHSiLrzawyrVM
0S1TKWB5CNgQyLEWmXfsKPZhnDOCrW0btcJDFPcsgkU=
-----END SIGNATURE-----
extra-info test002r 78C676B6CF3375AC6BF3631310D69B81984C2E92
published 2014-08-19 19:42:12
write-history 2014-08-19 19:41:24 (900 s) 25600,11264,12288,39936,44032,30720,34816,52224,46080,46080,18432,14336,11264,12288,17408,16384,15360,10240,17408,5120,24576,38912,10240,14336,2048,16384,11264,19456,8192,16384,46080,34816,26624,10240,11264,3072,8192,8192,2048,3072,15360,37888,12288,23552,14336,11264,21504,11264,19456,17408,19456,16384,8192,10240,3072,7168,4096,10240,19456,11264,7168,4096,17408,7168,3072,10240,19456,10240,10240,1024,17408,10240,11264,16384,8192,17408,9216,2048,16384,11264,7168,10240,16384,1024,10240,1024,10240,3072,20480,10240,10240,7168,10240,4096,1024,10240
read-history 2014-08-19 19:41:24 (900 s) 29696,18432,16384,41984,49152,39936,41984,57344,54272,58368,21504,19456,14336,16384,18432,21504,14336,11264,18432,13312,29696,41984,12288,14336,10240,14336,11264,12288,14336,21504,44032,33792,27648,19456,15360,7168,9216,14336,9216,6144,20480,36864,17408,23552,18432,15360,22528,11264,18432,16384,14336,14336,9216,11264,8192,10240,8192,11264,15360,11264,8192,9216,16384,7168,10240,12288,13312,11264,10240,7168,14336,11264,11264,15360,8192,14336,11264,7168,13312,12288,9216,11264,14336,5120,12288,5120,12288,7168,14336,11264,11264,9216,11264,10240,6144,10240
dirreq-write-history 2014-08-19 19:41:24 (900 s) 0,0,0,2048,1024,1024,1024,2048,2048,1024,1024,0,1024,1024,2048,0,2048,1024,1024,0,0,1024,1024,1024,0,2048,1024,3072,0,0,2048,2048,1024,0,1024,0,1024,0,0,0,0,2048,0,2048,1024,1024,1024,1024,2048,2048,2048,2048,1024,1024,0,1024,0,1024,3072,1024,1024,0,2048,1024,0,1024,3072,1024,1024,0,2048,1024,1024,2048,1024,2048,1024,0,2048,1024,1024,1024,2048,0,1024,0,1024,0,3072,1024,1024,1024,1024,0,0,1024
dirreq-read-history 2014-08-19 19:41:24 (900 s) 0,0,0,0,0,0,0,0,0,0,0,0,0,0,0,0,0,0,0,0,0,0,0,0,0,0,0,0,0,0,0,0,0,0,0,0,0,0,0,0,0,0,0,0,0,0,0,0,0,0,0,0,0,0,0,0,0,0,0,0,0,0,0,0,0,0,0,0,0,0,0,0,0,0,0,0,0,0,0,0,0,0,0,0,0,0,0,0,0,0,0,0,0,0,0,0
geoip-db-digest F2E34A314F2101E3F5AE0774660C4BA670646B8D
geoip6-db-digest 45893A1BDDABACCEB346DE4644A155450FD28B0E
dirreq-stats-end 2014-08-19 19:20:09 (86400 s)
dirreq-v3-ips ??=8
dirreq-v3-reqs ??=96
dirreq-v3-resp ok=96,not-enough-sigs=0,unavailable=0,not-found=0,not-modified=304,busy=0
dirreq-v3-direct-dl complete=0,timeout=0,running=0
dirreq-v3-tunneled-dl complete=96,timeout=0,running=0,min=908000,d1=910000,d2=911000,q1=911000,d3=911000,d4=912000,md=912000,d6=913000,d7=913000,q3=914000,d8=914000,d9=914000,max=918000
router-signature
-----BEGIN SIGNATURE-----
Yr4KRB0XUwwqT1YLa5hQyj1P1L100Zz7AdU+EslzTKjevKOF46kAeAxFmBTlPkbw
tWKG834eot6kzjYg265cdmgGyfx+taLykYWNpxRtAlMYbw3CZFV8JxYAE2a6kKkX
mUg6yIwW2RAqfrTPYEOH0rGux9jISfL+hugTf2km5dg=
-----END SIGNATURE-----
extra-info test000a 69C62DA6F3AA8E94EFA02BC3392AEF83F8351C1D
published 2014-08-19 19:42:27
write-history 2014-08-19 19:41:24 (900 s) 72704,49152,34816,62464,62464,59392,59392,74752,77824,72704,41984,27648,29696,32768,29696,36864,27648,23552,38912,33792,38912,51200,22528,30720,28672,26624,23552,21504,35840,35840,45056,37888,43008,44032,28672,25600,20480,39936,25600,20480,35840,40960,35840,46080,36864,29696,37888,22528,30720,27648,23552,29696,22528,22528,28672,24576,21504,28672,24576,23552,23552,22528,29696,20480,28672,28672,19456,25600,26624,23552,22528,31744,29696,27648,21504,25600,29696,20480,22528,27648,24576,23552,27648,17408,28672,22528,25600,26624,21504,25600,27648,21504,26624,28672,22528,25600
read-history 2014-08-19 19:41:24 (900 s) 50176,29696,18432,40960,51200,43008,48128,57344,66560,58368,28672,13312,15360,17408,13312,22528,8192,10240,24576,18432,25600,33792,7168,19456,10240,9216,11264,7168,19456,21504,29696,24576,27648,26624,14336,12288,4096,22528,10240,8192,22528,23552,22528,30720,22528,13312,21504,8192,14336,10240,10240,12288,6144,9216,11264,7168,9216,12288,7168,9216,7168,9216,12288,7168,10240,11264,7168,9216,12288,7168,9216,15360,15360,11264,7168,10240,12288,6144,9216,12288,7168,9216,12288,5120,12288,7168,10240,11264,6144,10240,12288,6144,10240,12288,6144,9216
dirreq-write-history 2014-08-19 19:41:24 (900 s) 26624,21504,17408,22528,17408,21504,16384,23552,17408,19456,19456,18432,18432,19456,19456,18432,22528,18432,19456,19456,18432,21504,18432,16384,22528,21504,16384,18432,20480,18432,19456,18432,20480,21504,19456,17408,19456,22528,19456,15360,18432,21504,17408,20480,18432,19456,20480,18432,19456,20480,16384,21504,19456,17408,20480,21504,16384,20480,21504,18432,19456,17408,21504,17408,22528,20480,16384,20480,18432,20480,17408,23552,24576,19456,18432,20480,21504,17408,17408,20480,21504,18432,20480,16384,20480,19456,19456,19456,18432,19456,19456,18432,20480,20480,19456,20480
dirreq-read-history 2014-08-19 19:41:24 (900 s) 11264,5120,4096,5120,5120,4096,4096,4096,4096,4096,5120,5120,3072,4096,4096,4096,4096,4096,4096,4096,5120,4096,4096,4096,4096,4096,4096,4096,4096,4096,4096,5120,4096,4096,5120,4096,4096,5120,4096,3072,5120,4096,3072,4096,4096,4096,4096,4096,3072,4096,3072,4096,4096,4096,4096,4096,4096,4096,4096,4096,4096,4096,4096,4096,4096,4096,4096,4096,4096,4096,4096,7168,15360,4096,4096,5120,5120,3072,4096,5120,4096,4096,5120,4096,4096,4096,5120,3072,4096,5120,4096,4096,5120,4096,4096,4096
geoip-db-digest F2E34A314F2101E3F5AE0774660C4BA670646B8D
geoip6-db-digest 45893A1BDDABACCEB346DE4644A155450FD28B0E
dirreq-stats-end 2014-08-19 19:19:26 (86400 s)
dirreq-v3-ips ??=8
dirreq-v3-reqs ??=1728
dirreq-v3-resp ok=1728,not-enough-sigs=0,unavailable=0,not-found=8,not-modified=1560,busy=0
dirreq-v3-direct-dl complete=1720,timeout=0,running=0,min=885000,d1=902000,d2=904000,q1=904000,d3=905000,d4=906000,md=908000,d6=911000,d7=912000,q3=912000,d8=913000,d9=914000,max=918000
dirreq-v3-tunneled-dl complete=8,timeout=0,running=0
router-signature
-----BEGIN SIGNATURE-----
XE943w7n+7x71ktHL19wgckyAwILny/j7D4IvrBwUnkXBirc+lWWcIicMrtEZsie
sllhRjxMxANG//vWfWUjB5CR/ZhzsGs5csWbvdUgqpSMMUdDGxaLiQwDdkQRXG7c
FVOetk9QZzrZ1aw3K+PbC6NKE86UCm2iQ+HTmb7mX70=
-----END SIGNATURE-----
extra-info test000a 69C62DA6F3AA8E94EFA02BC3392AEF83F8351C1D
published 2014-08-20 01:27:07
write-history 2014-08-20 01:26:24 (900 s) 30720,28672,26624,23552,21504,35840,35840,45056,37888,43008,44032,28672,25600,20480,39936,25600,20480,35840,40960,35840,46080,36864,29696,37888,22528,30720,27648,23552,29696,22528,22528,28672,24576,21504,28672,24576,23552,23552,22528,29696,20480,28672,28672,19456,25600,26624,23552,22528,31744,29696,27648,21504,25600,29696,20480,22528,27648,24576,23552,27648,17408,28672,22528,25600,26624,21504,25600,27648,21504,26624,28672,22528,25600,49152,27648,29696,20480,45056,30720,22528,25600,37888,35840,25600,25600,20480,44032,24576,27648,24576,59392,40960,29696,22528,25600,568320
read-history 2014-08-20 01:26:24 (900 s) 19456,10240,9216,11264,7168,19456,21504,29696,24576,27648,26624,14336,12288,4096,22528,10240,8192,22528,23552,22528,30720,22528,13312,21504,8192,14336,10240,10240,12288,6144,9216,11264,7168,9216,12288,7168,9216,7168,9216,12288,7168,10240,11264,7168,9216,12288,7168,9216,15360,15360,11264,7168,10240,12288,6144,9216,12288,7168,9216,12288,5120,12288,7168,10240,11264,6144,10240,12288,6144,10240,12288,6144,9216,37888,12288,12288,7168,29696,16384,7168,9216,24576,19456,10240,11264,5120,28672,10240,9216,12288,43008,28672,13312,7168,10240,567296
dirreq-write-history 2014-08-20 01:26:24 (900 s) 16384,22528,21504,16384,18432,20480,18432,19456,18432,20480,21504,19456,17408,19456,22528,19456,15360,18432,21504,17408,20480,18432,19456,20480,18432,19456,20480,16384,21504,19456,17408,20480,21504,16384,20480,21504,18432,19456,17408,21504,17408,22528,20480,16384,20480,18432,20480,17408,23552,24576,19456,18432,20480,21504,17408,17408,20480,21504,18432,20480,16384,20480,19456,19456,19456,18432,19456,19456,18432,20480,20480,19456,20480,23552,18432,21504,17408,20480,17408,19456,20480,18432,19456,19456,18432,19456,20480,18432,21504,17408,20480,16384,20480,19456,19456,18432
dirreq-read-history 2014-08-20 01:26:24 (900 s) 4096,4096,4096,4096,4096,4096,4096,4096,5120,4096,4096,5120,4096,4096,5120,4096,3072,5120,4096,3072,4096,4096,4096,4096,4096,3072,4096,3072,4096,4096,4096,4096,4096,4096,4096,4096,4096,4096,4096,4096,4096,4096,4096,4096,4096,4096,4096,4096,7168,15360,4096,4096,5120,5120,3072,4096,5120,4096,4096,5120,4096,4096,4096,5120,3072,4096,5120,4096,4096,5120,4096,4096,4096,16384,4096,4096,4096,4096,4096,4096,4096,4096,4096,5120,3072,4096,5120,4096,4096,5120,4096,4096,4096,5120,4096,5120
geoip-db-digest F2E34A314F2101E3F5AE0774660C4BA670646B8D
geoip6-db-digest 45893A1BDDABACCEB346DE4644A155450FD28B0E
dirreq-stats-end 2014-08-19 19:19:26 (86400 s)
dirreq-v3-ips ??=8
dirreq-v3-reqs ??=1728
dirreq-v3-resp ok=1728,not-enough-sigs=0,unavailable=0,not-found=8,not-modified=1560,busy=0
dirreq-v3-direct-dl complete=1720,timeout=0,running=0,min=885000,d1=902000,d2=904000,q1=904000,d3=905000,d4=906000,md=908000,d6=911000,d7=912000,q3=912000,d8=913000,d9=914000,max=918000
dirreq-v3-tunneled-dl complete=8,timeout=0,running=0
router-signature
-----BEGIN SIGNATURE-----
EqMGxAmIC72f2j4jt99WKXrWvIweicW/0DUPq1+fiF/qO0FbqKuSgPBRWUzKMt1N
ZsSCn0MeVMCdioFTNxWCO2VkCM+L5j7wq0IDYReYst9p+pbCGjKwcoEQiowpX79s
8geZpd99yRR0bk/a2LL8muQBLnOKc255q34adZWckT0=
-----END SIGNATURE-----
extra-info test001r 52C33DA3D07AD109C29802BE3E4F684FBA4AF1AE
published 2014-08-20 01:27:38
write-history 2014-08-20 01:26:24 (900 s) 18432,23552,8192,10240,4096,25600,16384,13312,6144,24576,37888,12288,10240,7168,28672,26624,11264,15360,10240,30720,28672,30720,11264,15360,9216,5120,5120,1024,10240,16384,1024,16384,10240,14336,4096,4096,7168,4096,14336,3072,10240,18432,9216,4096,8192,4096,16384,1024,12288,11264,3072,10240,1024,17408,16384,1024,16384,4096,7168,4096,8192,10240,10240,8192,9216,4096,7168,10240,10240,8192,16384,17408,10240,32768,10240,16384,4096,26624,14336,4096,8192,17408,13312,1024,3072,1024,28672,6144,1024,4096,45056,17408,4096,10240,8192,289792
read-history 2014-08-20 01:26:24 (900 s) 18432,18432,11264,9216,10240,23552,16384,23552,14336,27648,40960,12288,12288,9216,26624,19456,9216,16384,17408,31744,34816,32768,12288,16384,10240,10240,10240,7168,13312,14336,4096,15360,11264,11264,10240,9216,8192,9216,12288,8192,11264,16384,10240,8192,10240,8192,15360,5120,14336,10240,9216,11264,7168,15360,13312,5120,14336,10240,9216,7168,9216,11264,11264,8192,12288,9216,8192,11264,11264,10240,14336,14336,11264,27648,9216,14336,10240,27648,14336,8192,10240,22528,16384,6144,10240,5120,26624,8192,8192,6144,47104,17408,9216,11264,9216,288768
dirreq-write-history 2014-08-20 01:11:24 (900 s) 1024,1024,3072,1024,1024,0,2048,1024,0,0,1024,1024,1024,1024,1024,2048,3072,2048,1024,0,2048,0,1024,1024,1024,1024,0,0,0,1024,2048,0,2048,1024,2048,0,0,1024,0,2048,0,1024,3072,1024,0,1024,0,2048,0,1024,1024,0,1024,0,2048,2048,0,2048,0,1024,0,1024,1024,1024,1024,1024,0,1024,1024,1024,1024,2048,2048,2048,2048,1024,2048,0,1024,1024,0,1024,0,0,0,0,0,2048,0,0,0,1024,0,0,1024,1024
dirreq-read-history 2014-08-20 01:11:24 (900 s) 0,0,0,0,0,0,0,0,0,0,0,0,0,0,0,0,0,0,0,0,0,0,0,0,0,0,0,0,0,0,0,0,0,0,0,0,0,0,0,0,0,0,0,0,0,0,0,0,0,0,0,0,0,0,0,0,0,0,0,0,0,0,0,0,0,0,0,0,0,0,0,0,0,0,0,0,0,0,0,0,0,0,0,0,0,0,0,0,0,0,0,0,0,0,0,0
geoip-db-digest F2E34A314F2101E3F5AE0774660C4BA670646B8D
geoip6-db-digest 45893A1BDDABACCEB346DE4644A155450FD28B0E
dirreq-stats-end 2014-08-19 19:19:56 (86400 s)
dirreq-v3-ips ??=8
dirreq-v3-reqs ??=96
dirreq-v3-resp ok=96,not-enough-sigs=0,unavailable=0,not-found=0,not-modified=304,busy=0
dirreq-v3-direct-dl complete=0,timeout=0,running=0
dirreq-v3-tunneled-dl complete=92,timeout=0,running=0,min=907000,d1=909000,d2=910000,q1=911000,d3=911000,d4=912000,md=913000,d6=913000,d7=914000,q3=914000,d8=914000,d9=915000,max=918000
router-signature
-----BEGIN SIGNATURE-----
NE1ZYY3Cw4Xjc5gne9kNgGIyCiKhkHM304OyhIViDDEFbfolG2UINb2ZgiApCF3b
wL9TG3odtkELY4DNyoqoo/p99ahW2ZI9FbLhTssRLxfTfm7PZ7YCh4kAi0i90Nd3
jNBEgVklWeT3HED5kGFHhpdt8RJ02kPzMwmYYdNixt8=
-----END SIGNATURE-----
extra-info test002r 78C676B6CF3375AC6BF3631310D69B81984C2E92
published 2014-08-20 01:27:54
write-history 2014-08-20 01:26:24 (900 s) 14336,2048,16384,11264,19456,8192,16384,46080,34816,26624,10240,11264,3072,8192,8192,2048,3072,15360,37888,12288,23552,14336,11264,21504,11264,19456,17408,19456,16384,8192,10240,3072,7168,4096,10240,19456,11264,7168,4096,17408,7168,3072,10240,19456,10240,10240,1024,17408,10240,11264,16384,8192,17408,9216,2048,16384,11264,7168,10240,16384,1024,10240,1024,10240,3072,20480,10240,10240,7168,10240,4096,1024,10240,28672,13312,4096,7168,26624,7168,8192,10240,19456,28672,10240,16384,1024,23552,10240,10240,10240,50176,27648,4096,1024,10240,281600
read-history 2014-08-20 01:26:24 (900 s) 14336,10240,14336,11264,12288,14336,21504,44032,33792,27648,19456,15360,7168,9216,14336,9216,6144,20480,36864,17408,23552,18432,15360,22528,11264,18432,16384,14336,14336,9216,11264,8192,10240,8192,11264,15360,11264,8192,9216,16384,7168,10240,12288,13312,11264,10240,7168,14336,11264,11264,15360,8192,14336,11264,7168,13312,12288,9216,11264,14336,5120,12288,5120,12288,7168,14336,11264,11264,9216,11264,10240,6144,10240,32768,15360,10240,7168,28672,11264,9216,12288,19456,26624,11264,13312,6144,28672,13312,10240,11264,48128,31744,11264,5120,11264,284672
dirreq-write-history 2014-08-20 01:26:24 (900 s) 1024,0,2048,1024,3072,0,0,2048,2048,1024,0,1024,0,1024,0,0,0,0,2048,0,2048,1024,1024,1024,1024,2048,2048,2048,2048,1024,1024,0,1024,0,1024,3072,1024,1024,0,2048,1024,0,1024,3072,1024,1024,0,2048,1024,1024,2048,1024,2048,1024,0,2048,1024,1024,1024,2048,0,1024,0,1024,0,3072,1024,1024,1024,1024,0,0,1024,0,1024,0,1024,1024,0,1024,1024,1024,2048,1024,2048,0,0,1024,1024,1024,2048,0,0,0,1024,0
dirreq-read-history 2014-08-20 01:26:24 (900 s) 0,0,0,0,0,0,0,0,0,0,0,0,0,0,0,0,0,0,0,0,0,0,0,0,0,0,0,0,0,0,0,0,0,0,0,0,0,0,0,0,0,0,0,0,0,0,0,0,0,0,0,0,0,0,0,0,0,0,0,0,0,0,0,0,0,0,0,0,0,0,0,0,0,0,0,0,0,0,0,0,0,0,0,0,0,0,0,0,0,0,0,0,0,0,0,0
geoip-db-digest F2E34A314F2101E3F5AE0774660C4BA670646B8D
geoip6-db-digest 45893A1BDDABACCEB346DE4644A155450FD28B0E
dirreq-stats-end 2014-08-19 19:20:09 (86400 s)
dirreq-v3-ips ??=8
dirreq-v3-reqs ??=96
dirreq-v3-resp ok=96,not-enough-sigs=0,unavailable=0,not-found=0,not-modified=304,busy=0
dirreq-v3-direct-dl complete=0,timeout=0,running=0
dirreq-v3-tunneled-dl complete=96,timeout=0,running=0,min=908000,d1=910000,d2=911000,q1=911000,d3=911000,d4=912000,md=912000,d6=913000,d7=913000,q3=914000,d8=914000,d9=914000,max=918000
router-signature
-----BEGIN SIGNATURE-----
tNfvYqDBbzkCerH7UWp7kyYUpiJu/8v+A9OFsFyla2X2GBWT/tqSGK763YKJK8up
MjtXS4en+G4SYK6UEh0qiYeJa8sA/aTQUyfEOYLLRKSU9HAwOm9aKGN9q+6ESjNG
ztACtk+YclNJQGnSH7S1Vb/qsJwH1JOSqy7rt0MRwYQ=
-----END SIGNATURE-----
extra-info test003r 770CEFC1CC8F5C42280CB8600A8B4B545F91F173
published 2014-08-20 01:28:16
write-history 2014-08-20 01:26:24 (900 s) 7168,3072,3072,3072,1024,9216,11264,18432,15360,17408,16384,7168,4096,1024,10240,3072,3072,9216,13312,15360,17408,12288,7168,8192,3072,5120,3072,4096,4096,1024,4096,4096,1024,4096,4096,1024,3072,1024,4096,4096,1024,4096,3072,1024,4096,4096,1024,3072,7168,1024,4096,1024,4096,4096,1024,4096,3072,1024,3072,4096,1024,3072,1024,4096,4096,1024,4096,4096,1024,3072,4096,1024,4096,10240,4096,3072,8192,18432,11264,14336,9216,16384,6144,4096,9216,13312,12288,8192,10240,10240,16384,16384,17408,8192,10240,562176
read-history 2014-08-20 01:26:24 (900 s) 12288,9216,8192,7168,6144,15360,16384,19456,16384,22528,20480,10240,8192,6144,17408,6144,8192,13312,18432,17408,20480,14336,10240,15360,9216,9216,8192,8192,9216,6144,9216,9216,7168,7168,8192,7168,8192,7168,6144,9216,6144,9216,10240,5120,9216,9216,5120,7168,11264,8192,7168,6144,9216,10240,4096,9216,8192,7168,7168,11264,4096,8192,7168,9216,8192,5120,10240,9216,5120,9216,9216,6144,9216,16384,11264,10240,8192,21504,13312,12288,10240,17408,14336,9216,10240,13312,16384,10240,12288,11264,24576,21504,15360,10240,11264,555008
dirreq-write-history 2014-08-20 01:11:24 (900 s) 0,0,0,0,0,0,0,0,0,0,0,0,0,0,0,0,0,0,0,0,0,0,0,0,0,0,0,0,0,0,0,0,0,0,0,0,0,0,0,0,0,0,0,0,0,0,0,0,0,0,0,0,0,0,0,0,0,0,0,0,0,0,0,0,0,0,0,0,0,0,0,0,0,0,0,0,0,1024,1024,1024,2048,1024,1024,0,0,1024,2048,0,1024,1024,1024,0,1024,2048,1024,1024
dirreq-read-history 2014-08-20 01:11:24 (900 s) 0,0,0,0,0,0,0,0,0,0,0,0,0,0,0,0,0,0,0,0,0,0,0,0,0,0,0,0,0,0,0,0,0,0,0,0,0,0,0,0,0,0,0,0,0,0,0,0,0,0,0,0,0,0,0,0,0,0,0,0,0,0,0,0,0,0,0,0,0,0,0,0,0,0,0,0,0,0,0,0,0,0,0,0,0,0,0,0,0,0,0,0,0,0,0,0
geoip-db-digest F2E34A314F2101E3F5AE0774660C4BA670646B8D
geoip6-db-digest 45893A1BDDABACCEB346DE4644A155450FD28B0E
dirreq-stats-end 2014-08-19 19:20:34 (86400 s)
dirreq-v3-ips 
dirreq-v3-reqs 
dirreq-v3-resp ok=0,not-enough-sigs=0,unavailable=0,not-found=0,not-modified=264,busy=0
dirreq-v3-direct-dl complete=0,timeout=0,running=0
dirreq-v3-tunneled-dl complete=0,timeout=0,running=0
router-signature
-----BEGIN SIGNATURE-----
OTdb05L6Pc7Vj5SfncOG6vCDQCyMuwIFxz5rcaMzqj8MYcVk4CnJznvF80tptYrJ
kKCFKrMESnNgSgP0dXdE1+lEv4uu5deb9yZ47DLEOfyaGAFi9PwaQFetvGjuvhve
s/FC8JVJThfRhk51hYXUB0O+LoEffKmlfmjsDuxsjO4=
-----END SIGNATURE-----
