# Tor state file last generated on 2014-08-21 07:19:27 local time
# Other times below are in UTC
# You *do not* need to edit this file.

BWHistoryReadEnds 2014-08-21 07:26:24
BWHistoryReadValues 33792,23552,5120,12288,16384,27648,45056,39936,25600,51200,24576,12288,11264,19456,33792,22528,22528,15360,10240,18432,14336,6144,9216,12288,21504,11264,12288,4096,13312,7168,9216,11264,6144,40960,31744,10240,9216,13312,25600,22528,11264,13312,17408,9216,9216,12288,7168,9216,13312,21504,12288,6144,9216,11264,6144,9216,12288,6144,10240,13312,7168,9216,12288,4096,11264,7168,9216,11264,7168,10240,12288,7168,8192,28672,5120,11264,7168,10240,12288,7168,10240,13312,6144,10240,12288,7168,9216,7168,9216,12288,7168,9216,12288,7168,10240,12288,2048
BWHistoryReadMaxima 0,0,0,0,0,0,0,0,0,0,0,0,0,0,0,0,0,0,0,0,0,0,0,0,0,0,0,0,0,0,0,0,0,0,0,0,0,0,0,0,0,0,0,0,0,0,0,0,0,0,0,0,0,0,0,0,0,0,0,0,0,0,0,0,0,0,0,0,0,0,0,0,0,0,0,0,0,0,0,0,0,0,0,0,0,0,0,0,0,0,0,0,0,0,0,0,0
BWHistoryWriteEnds 2014-08-21 07:26:24
BWHistoryWriteValues 48128,37888,22528,25600,33792,37888,58368,55296,40960,62464,40960,27648,24576,34816,49152,37888,36864,31744,25600,33792,29696,20480,24576,30720,32768,26624,27648,18432,27648,22528,25600,26624,21504,59392,45056,24576,23552,28672,41984,34816,28672,27648,32768,26624,21504,28672,25600,21504,28672,32768,27648,23552,21504,25600,23552,25600,26624,23552,23552,27648,21504,23552,30720,17408,28672,22528,25600,25600,21504,24576,29696,23552,23552,40960,20480,26624,20480,27648,25600,24576,22528,29696,20480,25600,27648,20480,25600,23552,23552,25600,22528,24576,26624,22528,25600,26624,11264
BWHistoryWriteMaxima 0,0,0,0,0,0,0,0,0,0,0,0,0,0,0,0,0,0,0,0,0,0,0,0,0,0,0,0,0,0,0,0,0,0,0,0,0,0,0,0,0,0,0,0,0,0,0,0,0,0,0,0,0,0,0,0,0,0,0,0,0,0,0,0,0,0,0,0,0,0,0,0,0,0,0,0,0,0,0,0,0,0,0,0,0,0,0,0,0,0,0,0,0,0,0,0,0
BWHistoryDirReadEnds 2014-08-21 07:26:24
BWHistoryDirReadValues 4096,4096,4096,4096,4096,4096,4096,4096,4096,5120,4096,3072,3072,5120,5120,5120,4096,4096,4096,4096,4096,3072,4096,4096,5120,4096,4096,4096,5120,4096,4096,4096,4096,5120,4096,4096,4096,5120,4096,5120,4096,4096,4096,4096,4096,4096,5120,4096,5120,21504,5120,4096,4096,3072,4096,4096,4096,3072,4096,5120,4096,4096,4096,4096,4096,4096,4096,4096,4096,5120,4096,4096,3072,21504,4096,3072,5120,4096,4096,4096,5120,5120,4096,4096,4096,4096,4096,4096,3072,4096,4096,3072,4096,4096,5120,5120,2048
BWHistoryDirReadMaxima 0,0,0,0,0,0,0,0,0,0,0,0,0,0,0,0,0,0,0,0,0,0,0,0,0,0,0,0,0,0,0,0,0,0,0,0,0,0,0,0,0,0,0,0,0,0,0,0,0,0,0,0,0,0,0,0,0,0,0,0,0,0,0,0,0,0,0,0,0,0,0,0,0,0,0,0,0,0,0,0,0,0,0,0,0,0,0,0,0,0,0,0,0,0,0,0,0
BWHistoryDirWriteEnds 2014-08-21 07:26:24
BWHistoryDirWriteValues 19456,18432,20480,18432,20480,15360,19456,19456,19456,18432,20480,18432,17408,19456,19456,20480,18432,20480,19456,18432,20480,17408,19456,22528,16384,19456,20480,17408,19456,19456,20480,18432,18432,23552,17408,18432,17408,20480,20480,17408,21504,18432,19456,21504,16384,20480,22528,16384,20480,27648,19456,20480,16384,18432,20480,20480,18432,20480,18432,20480,18432,18432,22528,16384,20480,19456,20480,18432,18432,18432,21504,20480,18432,28672,19456,18432,17408,21504,18432,21504,17408,21504,16384,20480,19456,17408,20480,20480,17408,18432,19456,18432,19456,19456,20480,19456,10240
BWHistoryDirWriteMaxima 0,0,0,0,0,0,0,0,0,0,0,0,0,0,0,0,0,0,0,0,0,0,0,0,0,0,0,0,0,0,0,0,0,0,0,0,0,0,0,0,0,0,0,0,0,0,0,0,0,0,0,0,0,0,0,0,0,0,0,0,0,0,0,0,0,0,0,0,0,0,0,0,0,0,0,0,0,0,0,0,0,0,0,0,0,0,0,0,0,0,0,0,0,0,0,0,0
TorVersion Tor 0.2.4.23 (git-19f0f189116dba73)
LastRotatedOnionKey 2014-08-18 18:11:24
LastWritten 2014-08-21 07:19:27
